-178.375867 -178.306731 -190.961562
-179.291049 -181.999678 -182.185799
-179.060405 -178.837112 -179.215663
-179.077296 -178.085732 -181.405139
-171.133397 -171.061474 -173.796515
-170.951684 -175.346909 -181.029643
-176.329878 -179.337154 -179.417027
-179.761657 -180.944740 -173.476522
-156.647363 -164.475513 -162.913486
-158.389923 -164.950747 -168.409810
-167.636744 -159.729854 -166.275490
-168.150072 -158.066601 -176.422166
-140.490408 -141.541701 -140.983111
-145.856660 -140.937837 -143.543530
-145.947301 -141.358270 -145.011611
-148.336151 -142.190202 -142.699338
-6.378902 -3.926578 -9.291034
-1.961640 -4.582696 -2.046846
-1.695386 -1.653326 -7.312114
-4.824981 -2.996419 -3.027426
-153.419653 -157.733250 -158.740337
-160.592968 -148.885175 -159.252987
-148.694778 -156.151347 -158.503511
-158.010491 -160.251681 -176.325637
-106.774026 -107.538567 -119.027002
-101.513704 -105.360330 -119.131370
-109.080552 -104.838703 -131.662223
-113.472673 -111.342625 -121.417599
-69.768149 -77.662450 -78.386408
-83.907496 -86.838865 -99.324532
-72.715056 -75.833669 -85.698653
-78.101266 -77.256421 -76.815011
0.000000 0.000000 0.000000
0.000000 0.000000 0.000000
0.000000 0.000000 0.000000
0.000000 0.000000 0.000000
0.000000 0.000000 0.000000
0.000000 0.000000 0.000000
0.000000 0.000000 0.000000
0.000000 0.000000 0.000000
0.000000 0.000000 0.000000
0.000000 0.000000 0.000000
0.000000 0.000000 0.000000
0.000000 0.000000 0.000000
0.000000 0.000000 0.000000
0.000000 0.000000 0.000000
0.000000 0.000000 0.000000
0.000000 0.000000 0.000000
0.000000 0.000000 0.000000
0.000000 0.000000 0.000000
0.000000 0.000000 0.000000
0.000000 0.000000 0.000000
0.000000 0.000000 0.000000
0.000000 0.000000 0.000000
0.000000 0.000000 0.000000
0.000000 0.000000 0.000000
0.000000 0.000000 0.000000
0.000000 0.000000 0.000000
0.000000 0.000000 0.000000
0.000000 0.000000 0.000000
0.000000 0.000000 0.000000
0.000000 0.000000 0.000000
0.000000 0.000000 0.000000
0.000000 0.000000 0.000000
0.000000 0.000000 0.000000
0.000000 0.000000 0.000000
0.000000 0.000000 0.000000
0.000000 0.000000 0.000000
0.000000 0.000000 0.000000
0.000000 0.000000 0.000000
0.000000 0.000000 0.000000
0.000000 0.000000 0.000000
0.000000 0.000000 0.000000
0.000000 0.000000 0.000000
0.000000 0.000000 0.000000
0.000000 0.000000 0.000000
0.000000 0.000000 0.000000
0.000000 0.000000 0.000000
0.000000 0.000000 0.000000
0.000000 0.000000 0.000000
0.000000 0.000000 0.000000
0.000000 0.000000 0.000000
0.000000 0.000000 0.000000
0.000000 0.000000 0.000000
0.000000 0.000000 0.000000
0.000000 0.000000 0.000000
0.000000 0.000000 0.000000
0.000000 0.000000 0.000000
0.000000 0.000000 0.000000
0.000000 0.000000 0.000000
0.000000 0.000000 0.000000
0.000000 0.000000 0.000000
0.000000 0.000000 0.000000
0.000000 0.000000 0.000000
0.000000 0.000000 0.000000
0.000000 0.000000 0.000000
