-37.734771 -81.054415 39.419480
-50.747849 -115.421848 -116.438717
-113.705272 -33.536970 -117.289687
-90.803897 1.832140 -109.341523
42.924492 -41.906751 -14.852396
-3.309267 -100.520897 -118.992290
-13.898764 -79.866035 -112.859309
-31.723790 0.066332 57.398669
-66.370779 -94.943921 -12.776102
-78.433232 -120.724544 -127.139431
-119.368829 -75.044239 -121.993315
-113.688197 -37.887591 -121.225346
-47.817695 -73.468873 -5.259078
-59.293634 -126.864885 -135.019857
-70.838327 -113.316790 -123.350287
-116.697827 -25.202377 -105.017821
-0.881605 -53.875446 -121.141884
-30.117220 -87.157013 -134.951489
-104.632454 -9.660979 -113.305716
-39.801805 -28.091390 18.550446
-8.339419 -112.362210 -106.527192
-123.140812 -120.939989 -66.164015
-119.878859 -7.829384 -116.450826
-46.973388 -27.406270 25.183838
-76.708708 -130.115276 -114.670394
-129.607068 -117.882354 -131.899628
-124.042932 -122.313879 -74.641049
-124.936681 -127.580334 -9.430034
-4.914099 -34.186730 81.453376
5.232696 -101.406623 -109.087824
-88.455121 -97.154232 -27.944608
-78.981875 -42.877054 39.006243
98.703646 -4.883325 -114.663886
-66.702669 51.255703 -102.770190
-89.588504 85.214015 -91.615908
40.583703 59.021631 124.892938
96.623091 -51.010439 -88.780458
-84.184780 56.371597 -85.172775
-70.404936 96.199466 -90.759683
56.807894 61.892233 124.381989
72.146269 -36.338859 -39.002077
-29.474817 60.452733 -47.658210
-16.832598 113.921898 -52.428765
83.559544 35.034359 115.059959
-14.414139 128.512004 -34.356371
10.378588 162.414285 -16.836358
116.751470 135.281176 192.763097
161.138044 75.802653 -107.598879
14.725387 115.100909 -17.826235
26.347130 180.086724 0.000000
136.762882 66.025212 225.247457
121.678746 -0.917830 -19.337727
257.469687 95.259270 19.010953
47.917226 225.345230 -31.419814
177.239749 258.767524 151.096100
204.098709 196.109872 310.000000
-111.931422 -129.832952 -34.419236
-127.976657 -128.919978 -110.777537
-132.250004 -101.523920 -135.163027
-132.727020 -48.097093 -137.945694
-25.845296 -48.070351 47.013598
-103.932364 -15.218585 -116.569788
-91.383498 7.919606 -126.151603
-19.614878 35.043571 -123.469350
-52.703044 -82.931811 43.321622
-17.947100 -103.358157 -96.537607
-52.253792 -101.897707 -117.863152
-90.257024 35.760835 -133.963601
-11.071118 -102.104233 -137.353643
-12.472017 -92.781685 -97.504884
-95.127286 48.390104 -102.233400
5.645731 -29.705185 66.851580
1.348714 -67.081560 -75.979386
-56.691661 -3.156657 -70.104872
-69.973279 63.172085 -89.607960
19.616593 -26.250941 92.516931
16.829938 -48.156767 -70.209020
-49.057669 28.818893 -52.397799
-26.063512 84.399680 -80.388055
27.614157 -16.383193 104.492466
49.033525 -40.310507 -47.360781
33.582539 -38.011899 -48.952762
-46.464921 104.406205 -56.311452
49.909732 14.403520 120.931033
83.690287 67.340154 201.337785
122.040161 6.187620 -18.523869
-3.847986 138.558904 -43.899161
62.872200 165.640487 -87.363488
127.815013 59.384152 202.201943
105.467204 7.391768 -7.295081
19.249367 137.815181 -7.182777
15.080287 188.442084 -33.215437
257.519909 138.807113 239.087354
33.361505 211.072043 -18.267928
27.832506 252.224478 2.327353
183.018231 202.336528 290.000000
